# 3ds Max Wavefront OBJ Exporter v0.97b - (c)2007 guruware
# File Created: 15.12.2017 21:30:53

#
# object CQ
#

v  -16.8773 17.4023 10.5799
v  -24.9485 17.3643 9.2349
v  -24.9629 17.4493 9.3186
v  -16.8916 17.4873 10.6637
v  -24.9765 17.3643 9.4025
v  -16.9052 17.4023 10.7476
v  -24.9621 17.2793 9.3188
v  -16.8909 17.3173 10.6638
v  -16.8119 17.4023 10.6332
v  -24.9443 17.3643 -10.4598
v  -25.0237 17.4493 -10.4293
v  -16.8913 17.4873 10.6636
v  -25.1029 17.3643 -10.3986
v  -16.9706 17.4023 10.6943
v  -25.0236 17.2793 -10.4290
v  -16.8912 17.3173 10.6639
v  -16.8095 17.4023 10.6872
v  -11.3079 17.3643 -8.5105
v  -11.3896 17.4493 -8.5340
v  -16.8912 17.4873 10.6636
v  -11.4713 17.3643 -8.5573
v  -16.9730 17.4023 10.6403
v  -11.3897 17.2793 -8.5337
v  -16.8913 17.3173 10.6639
v  -16.8070 17.4023 10.6751
v  -14.2401 17.3643 -8.4003
v  -14.3243 17.4493 -8.4118
v  -14.4085 17.3643 -8.4229
v  -16.9755 17.4023 10.6524
v  -14.3243 17.2793 -8.4114
v  -16.8063 17.4023 10.6611
v  -17.1740 17.3643 -0.8942
v  -17.2590 17.4493 -0.8918
v  -16.8913 17.4873 10.6635
v  -17.3439 17.3643 -0.8888
v  -16.9762 17.4023 10.6665
v  -17.2590 17.2793 -0.8912
v  -16.8912 17.3173 10.6640
v  -16.8398 17.4023 10.7314
v  8.4097 17.3643 -8.4662
v  8.3583 17.4493 -8.5339
v  -16.8912 17.4873 10.6637
v  8.3068 17.3643 -8.6015
v  -16.9427 17.4023 10.5961
v  8.3582 17.2793 -8.5338
v  -16.8913 17.3173 10.6638
v  -16.8630 17.4023 10.7439
v  16.1511 17.3643 -0.8725
v  16.1230 17.4493 -0.9527
v  16.0947 17.3643 -1.0328
v  -16.9195 17.4023 10.5836
v  16.1228 17.2793 -0.9526
v  -16.8406 17.4023 10.7320
v  -1.1899 17.3643 -0.8844
v  -1.2404 17.4493 -0.9527
v  -16.8911 17.4873 10.6637
v  -1.2912 17.3643 -1.0209
v  -16.9419 17.4023 10.5955
v  -1.2407 17.2793 -0.9525
v  -16.8914 17.3173 10.6639
v  -16.8447 17.4023 10.7349
v  -10.9184 17.3643 6.8566
v  -10.9646 17.4493 6.7853
v  -16.8909 17.4873 10.6635
v  -11.0115 17.3643 6.7144
v  -16.9378 17.4023 10.5926
v  -10.9653 17.2793 6.7858
v  -16.8916 17.3173 10.6640
v  -16.8432 17.4023 10.7338
v  11.2187 17.3643 -8.5249
v  11.1707 17.4493 -8.5951
v  11.1225 17.3643 -8.6651
v  -16.9393 17.4023 10.5937
v  11.1706 17.2793 -8.5950
v  -16.8529 17.4023 10.7396
v  25.0264 17.3643 -10.4145
v  24.9881 17.4493 -10.4904
v  24.9497 17.3643 -10.5662
v  -16.9296 17.4023 10.5879
v  24.9880 17.2793 -10.4903
v  -16.8885 17.4023 10.7487
v  25.0519 17.3643 9.4037
v  25.0493 17.4493 9.3187
v  -16.8912 17.4873 10.6638
v  25.0465 17.3643 9.2337
v  -16.8940 17.4023 10.5788
v  25.0491 17.2793 9.3187
v  -16.8799 17.4023 10.7480
v  11.2431 17.3643 6.9574
v  11.2319 17.4493 6.8732
v  11.2204 17.3644 6.7889
v  -16.9026 17.4023 10.5795
v  11.2317 17.2793 6.8731
v  -16.8914 17.3173 10.6638
v  -16.8787 17.4023 10.7478
v  8.4320 17.3643 6.9572
v  8.4195 17.4493 6.8731
v  8.4068 17.3643 6.7891
v  -16.9038 17.4023 10.5797
v  8.4193 17.2793 6.8732
v  -16.8230 17.4023 10.7144
v  -13.9386 17.3643 6.8301
v  -14.0065 17.4493 6.7789
v  -16.8909 17.4873 10.6632
v  -14.0751 17.3643 6.7288
v  -16.9595 17.4023 10.6131
v  -14.0073 17.2793 6.7800
v  -16.8916 17.3174 10.6643
# 108 vertices

vn 0.1130 0.7071 -0.6980
vn -0.1195 0.7071 0.6969
vn -0.1130 -0.7071 0.6980
vn 0.1195 -0.7071 -0.6969
vn 0.9864 0.0046 0.1644
vn -0.9864 -0.0046 -0.1644
vn 0.6593 0.7071 -0.2555
vn -0.6602 0.7071 0.2533
vn -0.6593 -0.7071 0.2555
vn 0.6602 -0.7071 -0.2533
vn 0.3597 0.0017 0.9331
vn -0.3597 -0.0017 -0.9330
vn 0.6801 0.7071 0.1935
vn -0.6794 0.7071 -0.1961
vn -0.6801 -0.7071 -0.1935
vn 0.6794 -0.7071 0.1961
vn -0.2755 0.0019 0.9613
vn 0.2755 -0.0019 -0.9613
vn 0.7010 0.7071 0.0929
vn -0.7006 0.7071 -0.0957
vn -0.7010 -0.7071 -0.0929
vn 0.7006 -0.7071 0.0957
vn -0.1334 0.0020 0.9911
vn 0.1334 -0.0020 -0.9911
vn 0.7067 0.7071 -0.0248
vn -0.7068 0.7071 0.0202
vn -0.7067 -0.7071 0.0248
vn 0.7068 -0.7071 -0.0202
vn 0.0318 0.0033 0.9995
vn -0.0318 -0.0033 -0.9995
vn 0.4286 0.7071 0.5624
vn -0.4273 0.7071 -0.5634
vn -0.4286 -0.7071 -0.5624
vn 0.4273 -0.7071 0.5634
vn -0.7960 0.0012 0.6052
vn 0.7960 -0.0012 -0.6052
vn 0.2354 0.7071 0.6668
vn -0.2340 0.7071 -0.6673
vn -0.2354 -0.7071 -0.6668
vn 0.2340 -0.7071 0.6673
vn -0.9433 0.0011 0.3319
vn 0.9433 -0.0011 -0.3319
vn 0.4225 0.7071 0.5670
vn -0.4203 0.7071 -0.5686
vn -0.4225 -0.7071 -0.5670
vn 0.4203 -0.7071 0.5686
vn -0.8030 0.0019 0.5960
vn 0.8030 -0.0020 -0.5960
vn 0.3904 0.7071 0.5896
vn -0.3840 0.7071 -0.5938
vn -0.3904 -0.7071 -0.5896
vn 0.3840 -0.7071 0.5938
vn -0.8367 0.0054 0.5476
vn 0.8367 -0.0054 -0.5476
vn 0.4008 0.7071 0.5826
vn -0.3995 0.7071 -0.5835
vn -0.4008 -0.7071 -0.5826
vn 0.3995 -0.7071 0.5835
vn 0.3995 -0.7071 0.5834
vn -0.8245 0.0011 0.5659
vn 0.8245 -0.0011 -0.5659
vn 0.3193 0.7071 0.6309
vn -0.3183 0.7071 -0.6314
vn -0.3193 -0.7071 -0.6309
vn 0.3183 -0.7071 0.6314
vn -0.8926 0.0008 0.4509
vn 0.8926 -0.0008 -0.4509
vn 0.0233 0.7071 0.7067
vn -0.0220 0.7071 -0.7068
vn -0.0233 -0.7071 -0.7067
vn 0.0220 -0.7071 0.7068
vn -0.9995 0.0009 0.0321
vn 0.9995 -0.0009 -0.0320
vn 0.0954 0.7071 0.7006
vn 0.0954 0.7069 0.7009
vn -0.0935 0.7071 -0.7009
vn -0.0935 0.7073 -0.7007
vn -0.0954 -0.7071 -0.7006
vn -0.0954 -0.7069 -0.7009
vn 0.0935 -0.7071 0.7009
vn 0.0935 -0.7073 0.7007
vn -0.9910 0.0013 0.1336
vn 0.9910 -0.0013 -0.1336
vn 0.1058 0.7071 0.6992
vn -0.1037 0.7071 -0.6995
vn -0.1058 -0.7071 -0.6992
vn 0.1037 -0.7071 0.6995
vn -0.9890 0.0015 0.1481
vn 0.9890 -0.0015 -0.1481
vn 0.5710 0.7071 0.4171
vn -0.5644 0.7071 -0.4260
vn -0.5710 -0.7071 -0.4171
vn 0.5644 -0.7071 0.4260
vn -0.5962 0.0079 0.8028
vn 0.5962 -0.0079 -0.8028
# 95 vertex normals

g CQ
s 1
f 1//1 2//1 3//1 
f 3//1 4//1 1//1 
s 2
f 4//2 3//2 5//2 
f 5//2 6//2 4//2 
s 1
f 6//3 5//3 7//3 
f 7//3 8//3 6//3 
s 2
f 8//4 7//4 2//4 
f 2//4 1//4 8//4 
s 4
f 4//5 6//5 1//5 
f 6//5 8//5 1//5 
f 5//6 3//6 2//6 
f 7//6 5//6 2//6 
s 1
f 9//7 10//7 11//7 
f 11//7 12//7 9//7 
s 2
f 12//8 11//8 13//8 
f 13//8 14//8 12//8 
s 1
f 14//9 13//9 15//9 
f 15//9 16//9 14//9 
s 2
f 16//10 15//10 10//10 
f 10//10 9//10 16//10 
s 4
f 12//11 14//11 9//11 
f 14//11 16//11 9//11 
f 13//12 11//12 10//12 
f 15//12 13//12 10//12 
s 1
f 17//13 18//13 19//13 
f 19//13 20//13 17//13 
s 2
f 20//14 19//14 21//14 
f 21//14 22//14 20//14 
s 1
f 22//15 21//15 23//15 
f 23//15 24//15 22//15 
s 2
f 24//16 23//16 18//16 
f 18//16 17//16 24//16 
s 4
f 20//17 22//17 17//17 
f 22//17 24//17 17//17 
f 21//18 19//18 18//18 
f 23//18 21//18 18//18 
s 1
f 25//19 26//19 27//19 
f 27//19 20//19 25//19 
s 2
f 20//20 27//20 28//20 
f 28//20 29//20 20//20 
s 1
f 29//21 28//21 30//21 
f 30//21 24//21 29//21 
s 2
f 24//22 30//22 26//22 
f 26//22 25//22 24//22 
s 4
f 20//23 29//23 25//23 
f 29//23 24//23 25//23 
f 28//24 27//24 26//24 
f 30//24 28//24 26//24 
s 1
f 31//25 32//25 33//25 
f 33//25 34//25 31//25 
s 2
f 34//26 33//26 35//26 
f 35//26 36//26 34//26 
s 1
f 36//27 35//27 37//27 
f 37//27 38//27 36//27 
s 2
f 38//28 37//28 32//28 
f 32//28 31//28 38//28 
s 4
f 34//29 36//29 31//29 
f 36//29 38//29 31//29 
f 35//30 33//30 32//30 
f 37//30 35//30 32//30 
s 1
f 39//31 40//31 41//31 
f 41//31 42//31 39//31 
s 2
f 42//32 41//32 43//32 
f 43//32 44//32 42//32 
s 1
f 44//33 43//33 45//33 
f 45//33 46//33 44//33 
s 2
f 46//34 45//34 40//34 
f 40//34 39//34 46//34 
s 4
f 42//35 44//35 39//35 
f 44//35 46//35 39//35 
f 43//36 41//36 40//36 
f 45//36 43//36 40//36 
s 1
f 47//37 48//37 49//37 
f 49//37 42//37 47//37 
s 2
f 42//38 49//38 50//38 
f 50//38 51//38 42//38 
s 1
f 51//39 50//39 52//39 
f 52//39 46//39 51//39 
s 2
f 46//40 52//40 48//40 
f 48//40 47//40 46//40 
s 4
f 42//41 51//41 47//41 
f 51//41 46//41 47//41 
f 50//42 49//42 48//42 
f 52//42 50//42 48//42 
s 1
f 53//43 54//43 55//43 
f 55//43 56//43 53//43 
s 2
f 56//44 55//44 57//44 
f 57//44 58//44 56//44 
s 1
f 58//45 57//45 59//45 
f 59//45 60//45 58//45 
s 2
f 60//46 59//46 54//46 
f 54//46 53//46 60//46 
s 4
f 56//47 58//47 53//47 
f 58//47 60//47 53//47 
f 57//48 55//48 54//48 
f 59//48 57//48 54//48 
s 1
f 61//49 62//49 63//49 
f 63//49 64//49 61//49 
s 2
f 64//50 63//50 65//50 
f 65//50 66//50 64//50 
s 1
f 66//51 65//51 67//51 
f 67//51 68//51 66//51 
s 2
f 68//52 67//52 62//52 
f 62//52 61//52 68//52 
s 4
f 64//53 66//53 61//53 
f 66//53 68//53 61//53 
f 65//54 63//54 62//54 
f 67//54 65//54 62//54 
s 1
f 69//55 70//55 71//55 
f 71//55 42//55 69//55 
s 2
f 42//56 71//56 72//56 
f 72//56 73//56 42//56 
s 1
f 73//57 72//57 74//57 
f 74//57 46//57 73//57 
s 2
f 46//58 74//59 70//59 
f 70//59 69//58 46//58 
s 4
f 42//60 73//60 69//60 
f 73//60 46//60 69//60 
f 72//61 71//61 70//61 
f 74//61 72//61 70//61 
s 1
f 75//62 76//62 77//62 
f 77//62 42//62 75//62 
s 2
f 42//63 77//63 78//63 
f 78//63 79//63 42//63 
s 1
f 79//64 78//64 80//64 
f 80//64 46//64 79//64 
s 2
f 46//65 80//65 76//65 
f 76//65 75//65 46//65 
s 4
f 42//66 79//66 75//66 
f 79//66 46//66 75//66 
f 78//67 77//67 76//67 
f 80//67 78//67 76//67 
s 1
f 81//68 82//68 83//68 
f 83//68 84//68 81//68 
s 2
f 84//69 83//69 85//69 
f 85//69 86//69 84//69 
s 1
f 86//70 85//70 87//70 
f 87//70 46//70 86//70 
s 2
f 46//71 87//71 82//71 
f 82//71 81//71 46//71 
s 4
f 84//72 86//72 81//72 
f 86//72 46//72 81//72 
f 85//73 83//73 82//73 
f 87//73 85//73 82//73 
s 1
f 88//74 89//75 90//75 
f 90//75 56//74 88//74 
s 2
f 56//76 90//77 91//77 
f 91//77 92//76 56//76 
s 1
f 92//78 91//79 93//79 
f 93//79 94//78 92//78 
s 2
f 94//80 93//81 89//81 
f 89//81 88//80 94//80 
s 4
f 56//82 92//82 88//82 
f 92//82 94//82 88//82 
f 91//83 90//83 89//83 
f 93//83 91//83 89//83 
s 1
f 95//84 96//84 97//84 
f 97//84 56//84 95//84 
s 2
f 56//85 97//85 98//85 
f 98//85 99//85 56//85 
s 1
f 99//86 98//86 100//86 
f 100//86 94//86 99//86 
s 2
f 94//87 100//87 96//87 
f 96//87 95//87 94//87 
s 4
f 56//88 99//88 95//88 
f 99//88 94//88 95//88 
f 98//89 97//89 96//89 
f 100//89 98//89 96//89 
s 1
f 101//90 102//90 103//90 
f 103//90 104//90 101//90 
s 2
f 104//91 103//91 105//91 
f 105//91 106//91 104//91 
s 1
f 106//92 105//92 107//92 
f 107//92 108//92 106//92 
s 2
f 108//93 107//93 102//93 
f 102//93 101//93 108//93 
s 4
f 104//94 106//94 101//94 
f 106//94 108//94 101//94 
f 105//95 103//95 102//95 
f 107//95 105//95 102//95 
# 180 faces

